$ 1 0.000005 10.20027730826997 50 5 43 5e-11
r 592 -144 592 -32 0 10
R 592 -304 592 -368 0 0 40 12 0 0 0.5
r 592 -304 592 -144 0 100
g 592 -32 592 0 0 0
a 768 -128 880 -128 9 3.3 0 1000000 1.0909146817622732 1.0909090909090908 100000
w 592 -144 720 -144 0
w 720 -144 768 -144 0
w 768 -112 768 -48 0
p 880 -128 1024 -128 3 0 0
a 752 -288 864 -288 9 3.3 0 1000000 1.0909146817622732 1.090909090909091 100000
w 864 -288 864 -224 0
w 752 -272 752 -224 0
w 704 -304 752 -304 0
r 704 -304 704 -240 0 1000
r 592 -304 704 -304 0 10000
g 704 -240 704 -224 0 0
w 752 -224 864 -224 0
w 768 -48 880 -48 0
w 880 -128 880 -48 0
p 864 -288 1024 -288 3 0 0
x 520 -217 573 -214 4 24 Load
